------------------------------------------
|||||||||||||||| RESULTS |||||||||||||||||
------------------------------------------
x(1): 1.000000000000000e+00
rd(1): 0.000000000000000e+00
rp(1): -8.057554623519534e-11
re(1): 1.000000000000000e+00
cond_num(1): 4.953959590107549e+17
barrier(1): 2.200000000000011e+03
---------------------------*
x(2): 1.000000010000000e+00
rd(2): -3.628799226135016e-03
rp(2): -3.628799875288475e-03
re(2): 1.788892972962366e-07
cond_num(2): 1.100000060022521e+10
barrier(2): 4.884981574904250e-05
---------------------------*
x(3): 1.500000000000000e+00
rd(3): -3.365178222656250e+04
rp(3): -3.365178222656250e+04
re(3): 0.000000000000000e+00
cond_num(3): 3.059000000000000e+03
barrier(3): 1.358468892931348e-11
---------------------------*
x(4): 5.500000000000000e+00
rd(4): -8.720947265625000e+02
rp(4): -8.720947265625000e+02
re(4): 0.000000000000000e+00
cond_num(4): 2.067207690476190e+07
barrier(4): 9.180246298595482e-08
---------------------------*
x(5): 9.000000010000001e+00
rd(5): -4.010773263871670e-04
rp(5): -4.032000402873188e-04
re(5): 5.264666885050930e-03
cond_num(5): 8.314019229030769e+14
barrier(5): 3.692166230098517e+00
---------------------------*
x(6): 9.000000000000002e+00
rd(6): 3.938563168048859e-06
rp(6): -7.162270776461832e-11
re(6): 5.499142539682523e+04
cond_num(6): 4.680377171743847e+21
barrier(6): 2.078505000000005e+07
---------------------------*
