>> bench

ans =

    0.1298    0.2433    0.1605    0.2752    0.4850    0.3840
