rt_lu =

    0.0014    0.0070    0.0175    0.0323    0.0569    0.0936

rt_qr =

    0.0050    0.0216    0.0581    0.1155    0.2033    0.3396

rt_svd =

    0.0340    0.1516    0.3877    0.8191    1.3154    2.1085

rt_eig =

    0.1266    0.4462    1.2190    2.3042    4.0377    6.3840