rt_lu =

    0.0013    0.0058    0.0135    0.0265    0.0466    0.0731

rt_qr =

    0.0042    0.0180    0.0468    0.0932    0.1620    0.2640

rt_svd =

    0.0250    0.1181    0.2853    0.5535    0.9589    1.7321

rt_eig =

    0.1123    0.3563    0.9244    1.7631    3.2017    5.2269