rt_lu =

    0.0015    0.0055    0.0132    0.0262    0.0468    0.0714
	
rt_qr =

    0.0044    0.0178    0.0473    0.0946    0.1599    0.2629
	
rt_svd =

    0.0257    0.1162    0.2911    0.5593    0.9633    1.7669
	
rt_eig =

    0.1099    0.3424    0.9330    1.7727    3.1803    5.2603